<Hierarchy>
	<Frame>: 0 Armature_Robot1
		<Transform>: 99.999992 0.000000 0.000000 0.000000 0.000000 99.999992 0.000016 0.000000 0.000000 -0.000016 99.999992 0.000000 0.000000 0.000000 0.000000 1.000000 99.999992 99.999992 99.999992 0.000009 -0.000000 0.000000 0.000000 0.000000 0.000000 
		<Children>: 2
		<Frame>: 1 hips
			<Transform>: -0.954833 0.082564 -0.285443 0.000000 -0.063469 0.881784 0.467364 0.000000 0.290287 0.464371 -0.836716 0.000000 0.000000 0.957823 -0.040851 1.000000 1.000000 1.000000 1.000000 -29.186375 163.414658 -4.942055 0.000000 0.957823 -0.040851 
			<Children>: 3
			<Frame>: 2 spine
				<Transform>: 1.000000 -0.000000 -0.000000 0.000000 0.000000 0.994023 0.109172 0.000000 0.000000 -0.109172 0.994023 0.000000 0.000000 0.177906 -0.000000 1.000000 1.000000 1.000000 1.000000 6.267582 0.000000 -0.000000 0.000000 0.177906 -0.000000 
				<Children>: 1
				<Frame>: 3 chest
					<Transform>: 1.000000 -0.000000 -0.000000 0.000000 -0.000000 0.997580 -0.069531 0.000000 0.000000 0.069531 0.997580 0.000000 -0.000000 0.158990 -0.000000 1.000000 1.000000 1.000000 1.000000 -3.987064 0.000017 -0.000000 -0.000000 0.158990 -0.000000 
					<Children>: 3
					<Frame>: 4 upper_arm_L
						<Transform>: -0.384618 0.654836 -0.650584 0.000000 -0.548434 -0.729026 -0.409562 0.000000 -0.742488 0.199278 0.639531 0.000000 -0.270752 0.195600 0.084060 1.000000 1.000000 1.000000 1.000000 -32.635933 40.585632 120.427849 -0.270752 0.195600 0.084060 
						<Children>: 1
						<Frame>: 5 forearm_L
							<Transform>: 0.066585 0.970776 0.230563 0.000000 0.402889 0.185242 -0.896307 0.000000 -0.912824 0.152572 -0.378781 0.000000 0.000000 0.283968 0.000000 1.000000 1.000000 1.000000 1.000000 -112.908989 -13.330209 86.076256 0.000000 0.283968 0.000000 
							<Children>: 1
							<Frame>: 6 hand_L
								<Transform>: 0.674257 0.146692 -0.723781 0.000000 0.601122 0.460299 0.653282 0.000000 0.428988 -0.875561 0.222180 0.000000 -0.000000 0.338571 -0.000000 1.000000 1.000000 1.000000 1.000000 71.216927 46.367550 12.274096 -0.000000 0.338571 -0.000000 
								<Children>: 5
								<Frame>: 7 palm_01_L
									<Transform>: 0.718739 0.646942 0.254715 0.000000 0.139232 0.225004 -0.964359 0.000000 -0.681196 0.728587 0.071644 0.000000 0.023957 0.039095 -0.002362 1.000000 1.000000 1.000000 1.000000 -85.751198 -14.756687 41.990612 0.023957 0.039095 -0.002362 
									<Children>: 1
									<Frame>: 8 f_index_01_L
										<Transform>: 0.636953 0.116588 -0.762035 0.000000 -0.572817 0.733119 -0.366629 0.000000 0.515918 0.670033 0.533746 0.000000 0.000000 0.069626 0.000000 1.000000 1.000000 1.000000 1.000000 -34.485081 49.643959 10.372644 0.000000 0.069626 0.000000 
										<Children>: 1
										<Frame>: 9 f_index_02_L
											<Transform>: 0.998318 -0.022470 0.053436 0.000000 0.051711 0.761804 -0.645740 0.000000 -0.026197 0.647418 0.761685 0.000000 -0.000000 0.045040 0.000000 1.000000 1.000000 1.000000 1.000000 -40.290581 -3.063093 -1.289414 -0.000000 0.045040 0.000000 
											<Children>: 0
										</Frame>
									</Frame>
								</Frame>
								<Frame>: 10 thumb_01_L
									<Transform>: -0.464374 -0.882854 -0.070190 0.000000 0.884199 -0.466679 0.020093 0.000000 -0.050495 -0.052731 0.997331 0.000000 0.024186 0.026784 -0.025238 1.000000 1.000000 1.000000 1.000000 1.154169 4.024890 -117.743996 0.024186 0.026784 -0.025238 
									<Children>: 1
									<Frame>: 11 thumb_02_L
										<Transform>: 0.968539 0.234752 -0.082602 0.000000 -0.219819 0.651406 -0.726188 0.000000 -0.116667 0.721499 0.682515 0.000000 -0.000000 0.041745 0.000000 1.000000 1.000000 1.000000 1.000000 -46.775730 4.738125 13.624430 -0.000000 0.041745 0.000000 
										<Children>: 0
									</Frame>
								</Frame>
								<Frame>: 12 palm_02_L
									<Transform>: 0.997523 -0.070333 -0.000918 0.000000 0.012669 0.192491 -0.981217 0.000000 0.069189 0.978775 0.192905 0.000000 0.007350 0.042473 0.000687 1.000000 1.000000 1.000000 1.000000 -78.877609 0.052580 -4.033113 0.007350 0.042473 0.000687 
									<Children>: 1
									<Frame>: 13 f_middle_01_L
										<Transform>: 0.997154 0.070756 0.026032 0.000000 -0.022623 0.610185 -0.791936 0.000000 -0.071919 0.789093 0.610049 0.000000 0.000000 0.068187 0.000000 1.000000 1.000000 1.000000 1.000000 -52.391983 -1.491710 4.058809 0.000000 0.068187 0.000000 
										<Children>: 1
										<Frame>: 14 f_middle_02_L
											<Transform>: 0.992746 0.004393 0.120148 0.000000 0.086039 0.672059 -0.735482 0.000000 -0.083978 0.740485 0.666806 0.000000 0.000000 0.049541 0.000000 1.000000 1.000000 1.000000 1.000000 -47.803799 -6.900670 0.253520 0.000000 0.049541 0.000000 
											<Children>: 0
										</Frame>
									</Frame>
								</Frame>
								<Frame>: 15 palm_03_L
									<Transform>: 0.998669 0.051326 0.005059 0.000000 -0.007200 0.235872 -0.971757 0.000000 -0.051069 0.970428 0.235928 0.000000 -0.008178 0.040878 0.001222 1.000000 1.000000 1.000000 1.000000 -76.353516 -0.289834 2.942087 -0.008178 0.040878 0.001222 
									<Children>: 1
									<Frame>: 16 f_ring_01_L
										<Transform>: 0.998517 0.024086 0.048828 0.000000 0.030262 0.500018 -0.865486 0.000000 -0.045261 0.865680 0.498548 0.000000 0.000000 0.069798 0.000000 1.000000 1.000000 1.000000 1.000000 -60.056664 -2.798747 1.381787 0.000000 0.069798 0.000000 
										<Children>: 1
										<Frame>: 17 f_ring_02_L
											<Transform>: 0.997326 0.023093 0.069333 0.000000 0.031743 0.717676 -0.695653 0.000000 -0.065824 0.695994 0.715024 0.000000 0.000000 0.044817 -0.000000 1.000000 1.000000 1.000000 1.000000 -44.213318 -3.975679 1.326459 0.000000 0.044817 -0.000000 
											<Children>: 0
										</Frame>
									</Frame>
								</Frame>
								<Frame>: 18 palm_04_L
									<Transform>: 0.987870 0.152181 -0.030903 0.000000 -0.062836 0.209758 -0.975732 0.000000 -0.142006 0.965838 0.216776 0.000000 -0.023129 0.036936 0.000454 1.000000 1.000000 1.000000 1.000000 -77.474205 1.770877 8.757536 -0.023129 0.036936 0.000454 
									<Children>: 1
									<Frame>: 19 f_pinky_01_L
										<Transform>: 0.986253 0.047021 0.158408 0.000000 0.108950 0.535713 -0.837342 0.000000 -0.124234 0.843090 0.523226 0.000000 -0.000000 0.074802 0.000000 1.000000 1.000000 1.000000 1.000000 -58.000191 -9.114505 2.729568 -0.000000 0.074802 0.000000 
										<Children>: 1
										<Frame>: 20 f_pinky_02_L
											<Transform>: 0.998827 0.011537 0.047025 0.000000 0.021006 0.771790 -0.635530 0.000000 -0.043626 0.635772 0.770643 0.000000 -0.000000 0.027877 -0.000000 1.000000 1.000000 1.000000 1.000000 -39.511551 -2.695323 0.661789 -0.000000 0.027877 -0.000000 
											<Children>: 0
										</Frame>
									</Frame>
								</Frame>
							</Frame>
						</Frame>
					</Frame>
					<Frame>: 21 upper_arm_R
						<Transform>: -0.772487 -0.606540 0.188077 0.000000 0.477443 -0.750009 -0.457750 0.000000 0.418702 -0.263810 0.868960 0.000000 0.258445 0.196045 0.084139 1.000000 1.000000 1.000000 1.000000 -27.779305 -10.840553 -141.861786 0.258445 0.196045 0.084139 
						<Children>: 1
						<Frame>: 22 forearm_R
							<Transform>: 0.494296 -0.656065 0.570307 0.000000 0.577354 -0.242692 -0.779591 0.000000 0.649871 0.714618 0.258821 0.000000 0.000000 0.299830 0.000000 1.000000 1.000000 1.000000 1.000000 -71.634079 -34.771610 -53.004681 0.000000 0.299830 0.000000 
							<Children>: 1
							<Frame>: 23 hand_R
								<Transform>: 0.048023 -0.184178 0.981719 0.000000 -0.713918 0.681066 0.162696 0.000000 -0.698581 -0.708680 -0.098781 0.000000 0.000000 0.333895 -0.000000 1.000000 1.000000 1.000000 1.000000 -58.736050 -100.972397 104.614189 0.000000 0.333895 -0.000000 
								<Children>: 7
								<Frame>: 24 RiflePlaceholder
									<Transform>: 0.000744 -0.007102 -0.007001 0.000000 -0.009962 -0.000847 -0.000201 0.000000 -0.000450 0.006989 -0.007138 0.000000 -0.096681 0.089232 -0.099172 1.000000 0.010000 0.010000 0.010000 1.609448 135.565689 95.983887 -0.096681 0.089232 -0.099172 
									<Mesh>: Untitled
										<ControlPoints>: 132 -1.683922 -4.527827 -12.613571 1.683922 -4.527827 -12.613571 -1.683922 4.527822 -12.613571 1.683922 4.527822 -12.613571 -1.683922 -4.527827 32.693542 1.683922 -4.527827 32.693542 -1.683922 4.527822 32.693542 1.683922 4.527822 32.693542 -1.683922 -4.527827 -16.113571 1.683922 -4.527827 -16.113571 -1.683922 3.713729 -16.113571 1.683922 3.713729 -16.113571 -1.683922 -4.896358 -19.613571 1.683922 -4.896358 -19.613571 -1.683922 2.810477 -19.613571 1.683922 2.810477 -19.613571 -1.683922 -5.723849 -24.813572 1.683922 -5.723849 -24.813572 -1.683922 2.377731 -24.813572 1.683922 2.377731 -24.813572 -1.383922 -4.227827 -24.913574 1.383922 -4.227827 -24.913574 -1.383922 1.255351 -24.913574 1.383922 1.255351 -24.913574 -1.383922 -4.227827 -36.213577 1.383922 -4.227827 -36.213577 -1.383922 1.255351 -36.213577 1.383922 1.255351 -36.213577 -0.803682 -4.727827 -29.321793 0.803682 -4.727827 -29.321793 -0.803682 -4.727827 -36.238358 0.803682 -4.727827 -36.238358 -0.803682 -7.827827 -32.197670 0.803682 -7.827827 -32.197670 -0.803682 -7.827827 -36.238358 0.803682 -7.827827 -36.238358 -0.803682 -10.427828 -33.505737 0.803682 -10.427828 -33.505737 -0.803682 -10.427828 -36.238358 0.803682 -10.427828 -36.238358 -0.904762 1.355351 -29.748459 0.904762 1.355351 -29.748459 -0.904762 1.355351 -36.214218 0.904762 1.355351 -36.214218 -0.904762 2.155351 -32.409096 0.904762 2.155351 -32.409096 -0.904762 2.155351 -36.214218 0.904762 2.155351 -36.214218 -1.683922 -4.627827 -10.446342 1.683922 -4.627827 -10.446342 -1.683922 -4.627827 12.228969 1.683922 -4.627827 12.228969 -1.683922 -5.927827 -10.087667 1.683922 -5.927827 -10.087667 -1.683922 -5.927827 11.922389 1.683922 -5.927827 11.922389 -1.464353 5.027822 -5.400169 1.464353 5.027822 -5.400169 -1.464353 5.027822 5.577845 1.464353 5.027822 5.577845 -1.464353 7.927822 -5.400169 1.464353 7.927822 -5.400169 -1.464353 7.927822 5.577845 1.464353 7.927822 5.577845 -2.883922 -1.980225 -12.613571 2.883922 -1.980225 -12.613571 -2.883922 1.980220 -12.613571 2.883922 1.980220 -12.613571 -2.883922 -1.980225 32.693542 2.883922 -1.980225 32.693542 -2.883922 1.980220 32.693542 2.883922 1.980220 32.693542 -1.403358 -13.594807 -11.562099 1.403358 -13.594807 -11.562099 -1.403358 -2.450671 -6.464943 1.403358 -2.450671 -6.464943 -1.403358 -15.684132 -6.078583 1.403358 -15.684132 -6.078583 -1.403358 -4.077922 -1.855457 1.403358 -4.077922 -1.855457 -0.816880 -9.214228 -4.377831 0.816880 -9.214228 -4.377831 -0.816880 -8.718605 -4.377831 0.816880 -8.718605 -4.377831 -0.816880 -9.214228 4.964367 0.816880 -9.214228 4.964367 -0.816880 -8.718605 4.964367 0.816880 -8.718605 4.964367 -1.403358 -19.470884 4.289785 1.403358 -19.470884 4.289785 -1.403358 -2.354511 4.289785 1.403358 -2.354511 4.289785 -1.403358 -19.470884 11.443741 1.403358 -19.470884 11.443741 -1.403358 -2.354511 11.443741 1.403358 -2.354511 11.443741 -2.945894 3.634928 -5.257786 2.945894 3.634928 -5.257786 -2.443840 9.084046 -3.428795 2.443840 9.084046 -3.428795 -2.945894 3.634928 5.396317 2.945894 3.634928 5.396317 -2.443840 9.084046 1.685287 2.443840 9.084046 1.685287 -1.241152 -1.334914 32.667671 1.241152 -1.334914 32.667671 -1.241152 1.334910 32.667671 1.241152 1.334910 32.667671 -1.241152 -1.334915 36.977676 1.241152 -1.334915 36.977676 1.241152 1.334909 36.977676 -1.241152 1.334909 36.977676 -0.645344 -0.694097 36.955776 0.645344 -0.694097 36.955776 -0.645344 0.694092 36.955776 0.645344 0.694092 36.955776 -0.645344 -0.694098 51.278435 0.645344 -0.694098 51.278435 0.645344 0.694091 51.278435 -0.645344 0.694091 51.278435 -0.851241 -0.903262 47.311119 0.851241 -0.903262 47.311119 -0.851241 0.927830 47.311119 0.851241 0.927830 47.311119 -0.851241 -0.903262 50.828060 0.851241 -0.903262 50.828060 0.851241 2.897184 50.828060 -0.851241 2.897184 50.828060 -0.851241 -0.903262 48.806965 -0.851241 2.897184 48.806965 0.851241 2.897184 48.806965 0.851241 -0.903262 48.806965 
										<UVs>: 132 1 
											<UV>: 0 0.623732 0.268244 0.623732 0.313159 0.282453 0.268244 0.282453 0.313159 0.222477 0.993663 0.172473 0.993663 0.343211 0.993663 0.811198 0.468764 0.576590 0.268244 0.576590 0.313159 0.329590 0.268244 0.329590 0.313159 0.529457 0.268244 0.529457 0.313159 0.376727 0.268244 0.376727 0.313159 0.459436 0.268244 0.459436 0.313159 0.446763 0.268244 0.446763 0.313159 0.853505 0.494277 0.890418 0.494277 0.428369 0.168553 0.428369 0.205467 0.271220 0.168553 0.271220 0.205467 0.197413 0.168553 0.197413 0.205466 0.973193 0.972001 0.951756 0.972001 0.277962 0.176292 0.277962 0.197728 0.973193 0.927369 0.951756 0.927369 0.319690 0.176292 0.319690 0.197728 0.973193 0.891089 0.951756 0.891089 0.354688 0.176292 0.354688 0.197728 0.493491 0.174944 0.493491 0.199076 0.158747 0.031542 0.656077 0.113437 0.529332 0.174944 0.529332 0.199076 0.169413 0.031542 0.666743 0.113437 0.221144 0.412611 0.173806 0.412611 0.221143 0.718026 0.884912 0.090559 0.203811 0.417442 0.191138 0.417442 0.203811 0.713896 0.867310 0.090559 0.680850 0.090559 0.680850 0.051112 0.732175 0.051112 0.045001 0.628441 0.719502 0.090559 0.719502 0.051112 0.770734 0.051112 0.006337 0.628441 0.963740 0.144642 0.138897 0.383421 0.308855 0.383421 0.977660 0.782147 0.256052 0.993663 0.138897 0.993663 0.308855 0.993663 0.776988 0.484768 0.939083 0.898097 0.534118 0.477304 0.863537 0.669602 0.863537 0.707034 0.939083 0.972001 0.612365 0.476129 0.801442 0.669602 0.801442 0.707034 0.828327 0.159083 0.828327 0.137078 0.834932 0.159083 0.834932 0.137078 0.351041 0.030050 0.940421 0.538334 0.344433 0.030050 0.985528 0.370748 0.401286 0.655110 0.496694 0.993663 0.631758 0.655110 0.185299 0.155880 0.401286 0.750518 0.401286 0.993663 0.631758 0.750518 0.185299 0.059523 0.703614 0.498936 0.625038 0.498936 0.823871 0.407846 0.889055 0.407845 0.703614 0.642437 0.625038 0.642437 0.823871 0.476727 0.889055 0.476727 0.314287 0.047724 0.281181 0.047724 0.235403 0.047724 0.268508 0.047724 0.314287 0.105776 0.281181 0.105776 0.268508 0.105775 0.235403 0.105776 0.947029 0.676837 0.929816 0.676837 0.903091 0.453887 0.920304 0.453887 0.947029 0.869749 0.929816 0.869749 0.920304 0.646799 0.903091 0.646799 0.903091 0.389347 0.925796 0.389347 0.903091 0.413995 0.925796 0.413995 0.854637 0.090559 0.831932 0.090559 0.208004 0.046850 0.185299 0.046850 0.620210 0.062264 0.620210 0.113437 0.119120 0.118629 0.119120 0.067456 
										<Normals>: 132 1 
											<Normal>: 0 0.000000 -1.000000 0.000000 0.000000 -1.000000 0.000000 0.000000 0.973999 -0.226550 0.000000 0.973999 -0.226550 -0.904664 -0.426125 0.000000 0.904664 -0.426125 0.000000 -0.904664 0.426125 0.000000 0.000003 0.000000 1.000000 0.000000 -1.000000 0.000000 0.000000 -1.000000 0.000000 0.000000 0.973999 -0.226550 0.000000 0.973999 -0.226550 0.000000 -0.994502 0.104716 0.000000 -0.994502 0.104716 0.000000 0.968275 -0.249885 0.000000 0.968275 -0.249885 0.000000 -0.987574 0.157155 0.000000 -0.987574 0.157155 0.000000 0.996555 -0.082934 0.000000 0.996555 -0.082934 -0.652784 -0.757544 0.000000 0.652784 -0.757544 0.000000 0.000000 0.999786 0.020679 0.000000 0.999786 0.020679 0.000000 0.000000 -1.000000 0.000000 0.000000 -1.000000 0.000000 0.000000 -1.000000 0.000000 0.000000 -1.000000 0.000000 -0.680109 0.733111 0.000000 -0.680109 0.733111 0.000000 0.000000 -1.000000 0.000000 0.000000 -1.000000 0.000000 -0.680109 0.733111 0.000000 -0.680109 0.733111 0.000000 0.000000 -1.000000 0.000000 0.000000 -1.000000 0.000000 -0.449430 0.893316 0.000000 -0.449430 0.893316 0.000000 0.000000 -1.000000 0.000000 0.000000 -1.000000 0.000000 0.957647 0.287945 0.000000 0.957647 0.287945 -1.000000 0.000000 0.000000 1.000000 0.000000 0.000000 0.000000 0.957647 0.287945 0.000000 0.957647 0.287945 -1.000000 0.000000 0.000000 1.000000 0.000000 0.000000 -1.000000 -0.000000 0.000000 1.000000 -0.000000 0.000000 -1.000000 -0.000000 0.000000 0.000000 -0.229534 0.973301 -1.000000 -0.000000 0.000000 1.000000 -0.000000 0.000000 -1.000000 -0.000000 0.000000 0.000000 -0.229534 0.973301 0.000000 0.000000 -1.000000 0.000000 0.000000 -1.000000 0.000000 0.000000 1.000000 1.000000 0.000000 0.000000 0.000000 0.000000 -1.000000 0.000000 0.000000 -1.000000 0.000000 0.000000 1.000000 1.000000 0.000000 0.000000 0.000000 0.000000 -1.000000 0.904664 -0.426125 0.000000 -0.904664 0.426125 0.000000 0.000000 0.000000 -1.000000 -0.904664 -0.426125 0.000000 0.904664 -0.426125 0.000000 -0.904664 0.426125 0.000000 0.000003 0.000000 1.000000 0.000000 -0.934467 -0.356050 1.000000 0.000000 0.000000 0.000000 0.942966 0.332888 0.000000 0.942966 0.332888 0.000000 -0.934467 -0.356050 1.000000 0.000000 0.000000 0.000000 0.942966 0.332888 0.000000 0.942966 0.332888 0.000000 0.000000 -1.000000 0.000000 0.000000 -1.000000 0.000000 0.000000 -1.000000 0.000000 0.000000 -1.000000 -1.000000 0.000000 0.000000 1.000000 0.000000 0.000000 -1.000000 0.000000 0.000000 0.000000 1.000000 0.000000 -1.000000 -0.000000 0.000000 1.000000 -0.000000 0.000000 -1.000000 -0.000000 0.000000 0.000000 1.000000 0.000000 -1.000000 -0.000000 0.000000 1.000000 -0.000000 0.000000 -1.000000 -0.000000 0.000000 0.000000 1.000000 0.000000 0.000000 -1.000000 0.000000 0.000000 -1.000000 0.000000 0.000000 1.000000 0.000000 0.000000 1.000000 0.000000 0.000000 -1.000000 0.000000 0.000000 -1.000000 0.000000 0.000000 1.000000 0.000000 0.000000 1.000000 0.000000 0.000000 -1.000000 -0.000000 0.000000 -1.000000 -0.000000 0.000000 1.000000 0.000000 0.000000 1.000000 0.000000 0.000000 -1.000000 -0.000000 0.000000 -1.000000 -0.000000 0.000000 1.000000 0.000000 0.000000 1.000000 0.000000 0.000000 -1.000000 -0.000000 0.000000 -1.000000 -0.000000 0.000000 1.000000 0.000000 0.000000 1.000000 0.000000 0.000000 -1.000000 -0.000000 0.000000 -1.000000 -0.000000 0.000000 1.000000 0.000000 0.000000 1.000000 0.000000 0.000000 0.000000 -1.000000 0.000000 0.000000 -1.000000 0.000000 0.000000 -1.000000 0.000000 0.000000 -1.000000 0.000000 -1.000000 -0.000000 0.000000 -1.000000 -0.000000 0.000000 1.000000 0.000000 0.000000 1.000000 0.000000 -1.000000 0.000000 0.000000 -1.000000 0.000000 0.000000 1.000000 0.000000 0.000000 1.000000 0.000000 0.000000 
										<Tangents>: 132 0 
										<BiTangents>: 132 0 
										<Polygons>: 228
											<SubIndices>: 684 0 
												<SubIndex>: 0 684 6 4 7 7 4 5 54 52 55 55 52 53 65 71 69 71 65 67 63 61 62 62 61 60 66 68 70 68 66 64 20 28 21 21 28 29 0 2 10 0 10 8 32 30 34 30 32 28 8 10 14 8 14 12 13 19 15 19 13 17 76 78 74 76 74 72 22 26 20 20 26 24 16 18 22 22 20 16 18 19 23 23 22 18 19 17 21 21 23 19 17 16 20 20 21 17 45 47 44 44 47 46 21 25 23 23 25 27 37 36 38 37 38 39 24 25 31 31 30 24 9 15 11 15 9 13 20 24 30 30 28 20 25 21 29 29 31 25 29 33 31 33 35 31 101 97 103 103 97 99 7 59 6 6 59 58 32 34 38 38 36 32 35 33 37 37 39 35 27 26 42 42 43 27 1 11 3 11 1 9 26 22 40 40 42 26 23 27 43 43 41 23 43 42 46 43 46 47 41 43 47 47 45 41 4 50 5 5 50 51 42 40 44 44 46 42 48 0 49 49 0 1 53 52 48 53 48 49 1 5 51 51 49 1 4 0 48 48 50 4 51 53 49 53 51 55 51 50 54 51 54 55 50 52 54 52 50 48 57 3 56 56 3 2 7 3 57 57 59 7 102 100 103 103 100 101 2 6 58 58 56 2 56 58 62 62 60 56 62 58 63 63 58 59 59 61 63 61 59 57 3 7 71 71 67 3 7 5 69 69 71 7 4 6 70 70 68 4 1 3 67 67 65 1 5 65 69 65 5 1 0 4 68 68 64 0 2 0 64 64 66 2 6 66 70 66 6 2 72 75 73 75 72 74 78 76 79 79 76 77 76 72 77 77 72 73 23 41 22 22 41 40 77 75 79 75 77 73 87 86 84 87 84 85 80 85 84 85 80 81 85 81 87 87 81 83 83 86 87 86 83 82 86 82 84 84 82 80 88 91 89 91 88 90 92 95 94 95 92 93 92 88 93 93 88 89 93 91 95 91 93 89 95 91 94 94 91 90 92 94 90 92 90 88 12 14 18 12 18 16 96 99 97 99 96 98 102 96 100 96 102 98 33 32 36 33 36 37 103 99 102 102 99 98 100 96 101 101 96 97 80 83 81 83 80 82 79 75 78 78 75 74 57 56 60 57 60 61 40 41 45 40 45 44 38 34 39 39 34 35 34 30 35 35 30 31 28 32 29 29 32 33 13 12 16 13 16 17 14 15 19 14 19 18 9 8 12 9 12 13 10 11 15 10 15 14 1 0 8 1 8 9 2 3 11 2 11 10 24 27 25 27 24 26 116 118 119 118 116 117 111 108 110 110 108 109 111 104 108 104 111 106 110 109 105 110 105 107 110 107 111 111 107 106 108 104 109 109 104 105 119 112 116 112 119 114 117 113 118 118 113 115 118 115 119 119 115 114 116 112 117 117 112 113 124 126 127 126 124 125 127 128 124 128 127 129 126 125 131 126 131 130 127 126 130 127 130 129 125 124 128 125 128 131 131 128 120 131 120 121 122 129 123 123 129 130 131 123 130 123 131 121 128 129 122 128 122 120 121 120 123 120 122 123 
										</Polygons>
									</Mesh>
									<Materials>: 0
									</Materials>
									<Children>: 0
								</Frame>
								<Frame>: 25 Cube
									<Transform>: -0.000621 -0.010792 -0.009723 0.000000 0.014466 -0.001342 0.000565 0.000000 -0.001317 -0.009650 0.010795 0.000000 -0.004462 0.046388 -0.049566 1.000000 0.014539 0.014539 0.014539 2.997102 41.968872 -93.295219 -0.004462 0.046388 -0.049566 
									<Mesh>: Cube.001
										<ControlPoints>: 58 -1.000000 -4.182415 -1.000000 -1.000000 -4.182415 1.000000 -1.000000 5.235590 -1.000000 -1.000000 5.235590 1.000000 1.000000 -4.182415 -1.000000 1.000000 -4.182415 1.000000 1.000000 5.235590 -1.000000 1.000000 5.235590 1.000000 -0.153557 -4.182415 -0.666738 -0.153557 -4.182415 0.666738 0.153557 -4.182415 0.666738 0.153557 -4.182415 -0.666738 -0.153557 -28.600122 -0.666739 -0.153557 -28.600122 0.666739 0.153557 -28.600122 0.666739 0.153557 -28.600122 -0.666739 -1.000000 -28.598610 1.000000 -1.000000 -28.598610 -1.000000 -1.000000 -35.604958 1.000000 -1.000000 -35.604958 -1.000000 1.000000 -35.604958 -1.000000 1.000000 -35.604958 1.000000 1.000000 -28.598610 -1.000000 1.000000 -28.598610 1.000000 -0.180296 -30.284401 2.994660 -0.180296 -35.243443 2.994660 0.180296 -35.243443 2.994660 0.180296 -30.284401 2.994660 0.180296 -35.243443 -3.182049 0.180296 -30.284401 -3.182049 -0.180296 -30.284401 -3.182049 -0.180296 -35.243443 -3.182049 -0.929968 -30.284401 -0.093695 -0.929968 -35.243443 -0.093695 0.929968 -35.243443 -0.093695 0.929968 -30.284401 -0.093695 0.000000 -30.284401 2.994660 0.000000 -35.243443 2.994660 0.000000 -30.284401 -3.182049 0.000000 -35.243443 -3.182049 0.000000 -30.284401 -0.093695 0.000000 -35.243443 -0.093695 0.180296 -32.005257 2.776860 0.180296 -33.522591 2.776860 -0.180296 -32.005257 2.776860 -0.180296 -33.522591 2.776860 0.180296 -33.522591 -2.964249 0.180296 -32.005257 -2.964249 -0.180296 -33.522591 -2.964249 -0.180296 -32.005257 -2.964249 0.929968 -33.523003 -0.093695 0.929968 -32.004845 -0.093695 -0.929968 -32.004845 -0.093695 -0.929968 -33.523003 -0.093695 0.000000 -32.005257 -2.964249 0.000000 -33.522591 -2.964249 0.000000 -33.522591 2.776860 0.000000 -32.005257 2.776860 
										<UVs>: 58 1 
											<UV>: 0 0.627668 0.023635 0.627668 0.049591 0.631594 0.803988 0.933109 0.235848 0.593256 0.023635 0.593256 0.049591 0.631594 0.769576 0.898697 0.235848 0.753153 0.972001 0.951066 0.370748 0.788769 0.972001 0.765826 0.972001 0.388992 0.063893 0.371686 0.063893 0.371686 0.069177 0.388992 0.069177 0.367361 0.049329 0.393317 0.049329 0.133582 0.054783 0.133582 0.028827 0.099170 0.028827 0.099170 0.054783 0.393317 0.083741 0.367361 0.083741 0.766175 0.214574 0.680850 0.214574 0.086497 0.136905 0.674484 0.313159 0.465644 0.395173 0.006337 0.222230 0.401286 0.388968 0.680850 0.134413 0.766175 0.174494 0.680850 0.174494 0.046417 0.136905 0.046417 0.222230 0.677586 0.313159 0.677586 0.248801 0.401286 0.392070 0.465644 0.392070 0.062335 0.083760 0.020778 0.083760 0.674484 0.290826 0.674484 0.271134 0.736566 0.211748 0.710459 0.211748 0.443311 0.395173 0.423619 0.395173 0.710459 0.137240 0.736566 0.137240 0.046417 0.166507 0.046417 0.192628 0.736573 0.174494 0.710452 0.174494 0.423619 0.392070 0.443311 0.392070 0.677586 0.271134 0.677586 0.290826 
										<Normals>: 58 1 
											<Normal>: 0 0.000000 -1.000000 -0.000000 0.000000 -1.000000 0.000000 0.000000 0.000000 -1.000000 0.000000 0.000000 1.000000 0.000000 -1.000000 0.000000 0.000000 -1.000000 0.000000 0.000000 0.000000 -1.000000 0.000000 0.000000 1.000000 -1.000000 0.000000 0.000000 0.000000 0.000000 1.000000 1.000000 0.000000 0.000000 1.000000 0.000000 0.000000 0.001787 0.999998 0.000000 0.001787 0.999998 0.000000 -0.001787 0.999998 0.000000 0.000000 0.999990 0.004535 0.001787 0.999998 0.000000 0.001787 0.999998 0.000000 0.000000 -1.000000 0.000000 0.000000 -1.000000 0.000000 0.000000 -1.000000 0.000000 0.000000 -1.000000 0.000000 0.000000 0.999990 0.004535 -0.001787 0.999998 0.000000 -0.969658 -0.015441 0.243978 -0.969658 0.015441 0.243978 0.969658 0.015441 0.243978 -0.000002 -0.125563 0.992086 0.000002 0.125564 -0.992086 0.969658 -0.015441 -0.243978 -0.000002 -0.125563 -0.992086 -0.969658 0.015441 -0.243978 -0.969658 -0.015441 0.243978 -0.969658 0.015441 -0.243978 0.969658 0.015441 0.243978 0.969658 -0.015441 -0.243978 -0.000002 -0.125563 0.992086 0.000000 0.125563 0.992086 -0.000002 -0.125563 -0.992086 0.000002 0.125564 -0.992086 0.000000 1.000000 0.000001 0.000000 -1.000000 0.000000 -0.000002 -0.125563 0.992086 0.000000 0.000000 1.000000 -0.967549 0.000000 0.252684 -0.967549 0.000000 0.252684 0.000003 0.000000 -1.000000 0.000003 0.000000 -1.000000 -0.967549 0.000000 -0.252684 -0.967549 0.000000 -0.252684 0.967549 0.000000 -0.252684 0.967549 0.000000 -0.252684 -0.967549 0.000000 -0.252684 -0.967549 0.000000 -0.252684 0.000003 0.000000 -1.000000 0.000003 0.000000 -1.000000 0.000000 0.000000 1.000000 -0.000002 -0.125563 0.992086 
										<Tangents>: 58 0 
										<BiTangents>: 58 0 
										<Polygons>: 108
											<SubIndices>: 324 0 
												<SubIndex>: 0 324 3 0 1 0 3 2 7 2 3 2 7 6 5 6 7 6 5 4 8 9 1 1 0 8 0 2 4 4 2 6 3 1 7 7 1 5 12 8 15 15 8 11 0 4 11 0 11 8 5 1 9 5 9 10 10 4 5 4 10 11 18 23 16 23 18 21 8 12 9 13 9 12 9 13 10 10 13 14 14 11 10 11 14 15 19 17 20 20 17 22 21 22 23 22 21 20 16 19 18 19 16 17 16 23 13 13 23 14 23 22 14 14 22 15 22 17 15 15 17 12 13 12 16 16 12 17 21 18 19 21 19 20 37 56 45 45 25 37 34 46 50 46 34 28 54 38 47 47 38 29 33 31 41 41 31 39 35 29 40 40 29 38 27 40 36 40 27 35 25 41 37 41 25 33 42 35 27 35 42 51 57 36 24 24 44 57 37 41 26 26 41 34 36 40 24 24 40 32 40 30 32 30 40 38 41 28 34 28 41 39 32 49 52 49 32 30 24 32 44 44 32 52 45 33 25 33 45 53 31 48 39 39 48 55 47 35 51 35 47 29 26 43 56 56 37 26 39 55 28 28 55 46 49 30 54 54 30 38 48 33 53 33 48 31 26 34 43 43 34 50 44 45 57 57 45 56 48 49 55 55 49 54 53 45 44 44 52 53 42 50 51 50 42 43 47 51 50 50 46 47 53 49 48 49 53 52 55 54 46 46 54 47 57 56 42 42 56 43 42 27 36 36 57 42 
										</Polygons>
									</Mesh>
									<Materials>: 0
									</Materials>
									<Children>: 0
								</Frame>
								<Frame>: 26 palm_01_R
									<Transform>: -0.688761 0.555701 0.465624 0.000000 -0.041428 0.611033 -0.790521 0.000000 -0.723805 -0.563769 -0.397834 0.000000 -0.023935 0.039110 -0.002336 1.000000 1.000000 1.000000 1.000000 63.285912 -152.249390 -38.897038 -0.023935 0.039110 -0.002336 
									<Children>: 1
									<Frame>: 27 f_index_01_R
										<Transform>: -0.555405 -0.122023 -0.822579 0.000000 -0.815377 0.274227 0.509863 0.000000 0.163358 0.953892 -0.251802 0.000000 0.000000 0.069626 -0.000000 1.000000 1.000000 1.000000 1.000000 -63.716969 124.656212 12.391131 0.000000 0.069626 -0.000000 
										<Children>: 1
										<Frame>: 28 f_index_02_R
											<Transform>: 0.999847 -0.012692 -0.011997 0.000000 -0.004929 0.453933 -0.891022 0.000000 0.016754 0.890945 0.453801 0.000000 0.000000 0.045049 0.000000 1.000000 1.000000 1.000000 1.000000 -63.010052 0.687377 -0.727252 0.000000 0.045049 0.000000 
											<Children>: 0
										</Frame>
									</Frame>
								</Frame>
								<Frame>: 29 thumb_01_R
									<Transform>: -0.284049 0.878400 0.384355 0.000000 -0.247674 0.320041 -0.914457 0.000000 -0.926269 -0.354946 0.126649 0.000000 -0.024196 0.026800 -0.025212 1.000000 1.000000 1.000000 1.000000 -82.114891 -22.603685 107.919716 -0.024196 0.026800 -0.025212 
									<Children>: 1
									<Frame>: 30 thumb_02_R
										<Transform>: 0.989122 -0.146650 0.011436 0.000000 0.142818 0.938844 -0.313327 0.000000 0.035212 0.311552 0.949576 0.000000 0.000000 0.041745 -0.000000 1.000000 1.000000 1.000000 1.000000 -18.261101 -0.655277 -8.433371 0.000000 0.041745 -0.000000 
										<Children>: 0
									</Frame>
								</Frame>
								<Frame>: 31 palm_02_R
									<Transform>: 0.994877 0.090599 0.044859 0.000000 -0.003135 0.471154 -0.882046 0.000000 -0.101048 0.877386 0.469024 0.000000 -0.007323 0.042477 0.000696 1.000000 1.000000 1.000000 1.000000 -61.998390 -2.571102 5.203347 -0.007323 0.042477 0.000696 
									<Children>: 1
									<Frame>: 32 f_middle_01_R
										<Transform>: 0.997916 -0.050157 0.040591 0.000000 0.049472 0.190900 -0.980362 0.000000 0.041423 0.980327 0.192983 0.000000 -0.000000 0.068187 0.000000 1.000000 1.000000 1.000000 1.000000 -78.863777 -2.326355 -2.877351 -0.000000 0.068187 0.000000 
										<Children>: 1
										<Frame>: 33 f_middle_02_R
											<Transform>: 0.996832 -0.038220 -0.069753 0.000000 -0.050014 0.380709 -0.923341 0.000000 0.061846 0.923905 0.377591 0.000000 0.000000 0.049549 0.000000 1.000000 1.000000 1.000000 1.000000 -67.758377 3.999804 -2.195726 0.000000 0.049549 0.000000 
											<Children>: 0
										</Frame>
									</Frame>
								</Frame>
								<Frame>: 34 palm_03_R
									<Transform>: 0.998632 -0.043841 0.028479 0.000000 0.046442 0.493819 -0.868324 0.000000 0.024005 0.868459 0.495180 0.000000 0.008105 0.040880 0.001207 1.000000 1.000000 1.000000 1.000000 -60.305161 -1.631936 -2.513724 0.008105 0.040880 0.001207 
									<Children>: 1
									<Frame>: 35 f_ring_01_R
										<Transform>: 0.999791 -0.011021 -0.017183 0.000000 -0.016544 0.055707 -0.998310 0.000000 0.011960 0.998386 0.055513 0.000000 0.000000 0.069794 0.000000 1.000000 1.000000 1.000000 1.000000 -86.817238 0.984587 -0.631571 0.000000 0.069794 0.000000 
										<Children>: 1
										<Frame>: 36 f_ring_02_R
											<Transform>: 0.998272 -0.044354 -0.038540 0.000000 -0.013748 0.461386 -0.887093 0.000000 0.057128 0.886090 0.459979 0.000000 -0.000000 0.044817 0.000000 1.000000 1.000000 1.000000 1.000000 -62.592190 2.208714 -2.544034 -0.000000 0.044817 0.000000 
											<Children>: 0
										</Frame>
									</Frame>
								</Frame>
								<Frame>: 37 palm_04_R
									<Transform>: 0.984088 -0.161771 0.073495 0.000000 0.140038 0.451543 -0.881191 0.000000 0.109366 0.877462 0.467012 0.000000 0.023152 0.036922 0.000432 1.000000 1.000000 1.000000 1.000000 -62.077415 -4.214725 -9.335202 0.023152 0.036922 0.000432 
									<Children>: 1
									<Frame>: 38 f_pinky_01_R
										<Transform>: 0.991778 -0.036172 -0.122750 0.000000 -0.125524 -0.088398 -0.988145 0.000000 0.024893 0.995428 -0.092212 0.000000 0.000000 0.074802 -0.000000 1.000000 1.000000 1.000000 1.000000 -95.331284 7.050832 -2.088769 0.000000 0.074802 -0.000000 
										<Children>: 1
										<Frame>: 39 f_pinky_02_R
											<Transform>: 0.999243 -0.033346 -0.020063 0.000000 -0.000044 0.514584 -0.857440 0.000000 0.038916 0.856791 0.514193 0.000000 0.000000 0.027876 -0.000000 1.000000 1.000000 1.000000 1.000000 -59.049553 1.149618 -1.911313 0.000000 0.027876 -0.000000 
											<Children>: 0
										</Frame>
									</Frame>
								</Frame>
							</Frame>
						</Frame>
					</Frame>
					<Frame>: 40 neck
						<Transform>: -0.944029 -0.057579 0.324800 0.000000 -0.115574 0.979967 -0.162193 0.000000 -0.308954 -0.190654 -0.931772 0.000000 0.000000 0.285381 0.000000 1.000000 1.000000 1.000000 1.000000 9.874528 -161.046570 3.490293 0.000000 0.285381 0.000000 
						<Children>: 1
						<Frame>: 41 head
							<Transform>: -1.000000 0.000001 0.000002 0.000000 0.000000 0.940976 -0.338472 0.000000 -0.000002 -0.338472 -0.940976 0.000000 0.000000 0.094911 0.000000 1.000000 1.000000 1.000000 1.000000 19.783813 -179.999893 -0.000046 0.000000 0.094911 0.000000 
							<Children>: 0
						</Frame>
					</Frame>
				</Frame>
			</Frame>
			<Frame>: 42 thigh_L
				<Transform>: 0.990694 -0.125371 -0.052981 0.000000 -0.135856 -0.887241 -0.440847 0.000000 0.008262 0.443942 -0.896016 0.000000 -0.115284 0.019000 -0.039657 1.000000 1.000000 1.000000 0.999998 -153.802475 3.037031 -7.212389 -0.115284 0.019000 -0.039657 
				<Children>: 1
				<Frame>: 43 shin_L
					<Transform>: 0.963312 -0.236284 0.127284 0.000000 0.230262 0.483977 -0.844241 0.000000 0.137878 0.842581 0.520631 0.000000 0.000000 0.456596 0.000000 1.000000 1.000001 0.999999 1.000005 -58.338627 -7.312685 -13.781571 0.000000 0.456596 0.000000 
					<Children>: 1
					<Frame>: 44 foot_L
						<Transform>: 0.967312 0.047579 0.249085 0.000000 -0.231374 0.567629 0.790103 0.000000 -0.103796 -0.821909 0.560083 0.000000 0.000000 0.490031 0.000000 1.000000 1.000000 1.000000 1.000000 54.668228 -14.423394 2.815930 0.000000 0.490031 0.000000 
						<Children>: 1
						<Frame>: 45 foot_L0
							<Transform>: -0.999542 0.030100 0.003200 0.000000 0.022021 0.650549 0.759145 0.000000 0.020768 0.758868 -0.650913 0.000000 0.000000 0.129246 -0.000000 1.000000 1.000000 1.000000 1.000000 -49.389256 -179.816635 -1.724850 0.000000 0.129246 -0.000000 
							<Children>: 0
						</Frame>
					</Frame>
				</Frame>
			</Frame>
			<Frame>: 46 thigh_R
				<Transform>: 0.985560 -0.111171 -0.127722 0.000000 -0.167859 -0.542269 -0.823276 0.000000 0.022265 0.832824 -0.553097 0.000000 0.115402 0.022025 -0.038995 1.000000 1.000000 1.000008 1.000004 -123.894279 7.337964 -6.435766 0.115402 0.022025 -0.038995 
				<Children>: 1
				<Frame>: 47 shin_R
					<Transform>: 0.996410 -0.068133 0.050241 0.000000 0.084494 0.836846 -0.540875 0.000000 -0.005192 0.543182 0.839603 0.000000 0.000000 0.459104 0.000000 1.000000 0.999999 0.999999 1.000004 -32.789909 -2.879794 -3.911723 0.000000 0.459104 0.000000 
					<Children>: 1
					<Frame>: 48 foot_R
						<Transform>: 0.974070 0.045152 0.221696 0.000000 -0.203350 0.604264 0.770398 0.000000 -0.099178 -0.795503 0.597778 0.000000 -0.000000 0.490127 0.000000 1.000000 1.000000 1.000000 1.000000 52.190918 -12.808649 2.653976 -0.000000 0.490127 0.000000 
						<Children>: 1
						<Frame>: 49 foot_R0
							<Transform>: -0.999962 -0.008710 0.000846 0.000000 -0.006073 0.760331 0.649508 0.000000 -0.006301 0.649478 -0.760354 0.000000 -0.000000 0.129245 -0.000000 1.000000 1.000000 1.000000 1.000000 -40.504520 -179.951523 0.499058 -0.000000 0.129245 -0.000000 
							<Children>: 0
						</Frame>
					</Frame>
				</Frame>
			</Frame>
		</Frame>
		<Frame>: 50 robo1_bone_ALL_IK
			<Transform>: 1.000000 0.000000 0.000000 0.000000 0.000000 0.000000 1.000000 0.000000 0.000000 -1.000000 0.000000 0.000000 0.000000 0.000000 0.000000 1.000000 1.000000 1.000000 1.000000 89.999992 -0.000000 0.000000 0.000000 0.000000 0.000000 
			<Children>: 4
			<Frame>: 51 L_IK_L
				<Transform>: 1.000000 -0.000000 -0.000000 0.000000 -0.000000 -1.000000 -0.000000 0.000000 -0.000000 0.000000 -1.000000 0.000000 0.152631 -0.399283 -0.257952 1.000000 1.000000 1.000000 1.000000 180.000000 0.000005 0.000000 0.152631 -0.399283 -0.257952 
				<Children>: 1
				<Frame>: 52 L_IK_LL
					<Transform>: 1.000000 0.000000 -0.000000 0.000000 -0.000000 -1.000000 -0.000001 0.000000 -0.000000 0.000001 -1.000000 0.000000 -0.005241 -0.648246 0.216990 1.000000 1.000000 1.000000 1.000000 -179.999954 0.000009 0.000000 -0.005241 -0.648246 0.216990 
					<Children>: 0
				</Frame>
			</Frame>
			<Frame>: 53 R_IK_L
				<Transform>: 1.000000 -0.000000 -0.000000 0.000000 -0.000000 -1.000000 -0.000000 0.000000 -0.000000 0.000000 -1.000000 0.000000 -0.139389 0.155712 -0.078414 1.000000 1.000000 1.000000 1.000000 180.000000 0.000005 0.000000 -0.139389 0.155712 -0.078414 
				<Children>: 1
				<Frame>: 54 R_IK_LL
					<Transform>: 1.000000 0.000000 -0.000000 0.000000 -0.000000 -1.000000 -0.000001 0.000000 -0.000000 0.000001 -1.000000 0.000000 0.036375 -0.402862 0.480806 1.000000 1.000000 1.000000 1.000000 -179.999954 0.000009 0.000000 0.036375 -0.402862 0.480806 
					<Children>: 0
				</Frame>
			</Frame>
			<Frame>: 55 L_IK_A
				<Transform>: -0.095178 0.932623 0.348074 0.000000 0.939078 -0.031888 0.342223 0.000000 0.330264 0.359441 -0.872770 0.000000 0.160510 0.462800 -1.066731 1.000000 1.000000 1.000000 1.000000 -21.410702 -159.630447 -84.172882 0.160510 0.462800 -1.066731 
				<Children>: 1
				<Frame>: 56 L_IK_AL
					<Transform>: 1.000000 -0.000000 -0.000000 0.000000 0.000000 1.000000 0.000000 0.000000 0.000000 -0.000000 1.000000 0.000000 -0.265210 0.140162 0.208141 1.000000 1.000000 1.000000 1.000000 0.000016 0.000007 -0.000000 -0.265210 0.140162 0.208141 
					<Children>: 0
				</Frame>
			</Frame>
			<Frame>: 57 R_IK_A
				<Transform>: 0.021736 -0.889595 0.456233 0.000000 -0.970142 0.091493 0.224619 0.000000 -0.241562 -0.447493 -0.861045 0.000000 -0.175971 0.240582 -1.167824 1.000000 1.000000 1.000000 1.000000 -14.620770 -152.855698 91.399643 -0.175971 0.240582 -1.167824 
				<Children>: 1
				<Frame>: 58 R_IK_AR
					<Transform>: 1.000000 0.000000 -0.000000 0.000000 -0.000000 1.000000 0.000000 0.000000 0.000000 -0.000000 1.000000 0.000000 0.480705 0.348872 0.209411 1.000000 1.000000 1.000000 1.000000 0.000015 0.000005 0.000000 0.480705 0.348872 0.209411 
					<Children>: 0
				</Frame>
			</Frame>
		</Frame>
	</Frame>
	<Frame>: 59 Robot1
		<Transform>: 99.999992 0.000000 0.000000 0.000000 0.000000 99.999992 -0.000008 0.000000 0.000000 0.000008 99.999992 0.000000 0.000000 0.000000 0.000000 1.000000 99.999992 99.999992 99.999992 -0.000004 0.000000 0.000000 0.000000 0.000000 0.000000 
		<SkinDeformations>: 
			<BoneNames>: 56 hips spine chest upper_arm_L forearm_L hand_L palm_01_L f_index_01_L f_index_02_L thumb_01_L thumb_02_L palm_02_L f_middle_01_L f_middle_02_L palm_03_L f_ring_01_L f_ring_02_L palm_04_L f_pinky_01_L f_pinky_02_L upper_arm_R forearm_R hand_R palm_01_R f_index_01_R f_index_02_R thumb_01_R thumb_02_R palm_02_R f_middle_01_R f_middle_02_R palm_03_R f_ring_01_R f_ring_02_R palm_04_R f_pinky_01_R f_pinky_02_R neck head thigh_L shin_L foot_L foot_L0 thigh_R shin_R foot_R foot_R0 robo1_bone_ALL_IK L_IK_L L_IK_LL R_IK_L R_IK_LL L_IK_A L_IK_AL R_IK_A R_IK_AR 
