position : (1160.000000,  0.000000,  180.000000)  rotation : (0.000000,  0.000000,  0.000000)  type : 582
position : (1220.000000,  0.000000,  180.000000)  rotation : (0.000000,  0.000000,  0.000000)  type : 582
position : (1280.000000,  0.000000,  180.000000)  rotation : (0.000000,  0.000000,  0.000000)  type : 582